127 240 127 563 127 431 127 346 463 563 463 431 463 346 158 563 240 346 563 431 49 431 49 346 127 240 127 218 127 240 158 218 240 218 240 127 218 240 218 127 240 127 431 229 431 193 431 347 346 229 346 44 229 44 229 193 229 347 229 372 35 158 35 240 35 195 35 347 76 240 76 195 76 347 127 240 158 195 240 195 240 347 240 376 195 158 195 105 195 497 195 50 347 105 347 50 105 497 105 50 429 186 429 240 429 552 429 317 526 240 526 552 497 552 497 317 186 240 186 552 186 450 186 317 240 552 240 450 240 317 552 450 552 317 464 124 44 205 44 465 44 240 44 552 166 552 205 240 205 552 205 463 465 240 240 552 552 463 
488 501 196 415 336 415 336 501 22 268 22 501 415 268 415 213 22 268 22 501 501 22 501 213 466 108 524 108 344 85 344 497 85 213 90 266 495 266 495 468 388 466 337 466 
444 296 296 61 296 210 61 210 61 327 175 262 175 193 175 389 175 438 262 198 262 193 262 430 262 389 198 430 198 389 198 438 193 430 193 389 
25 155 423 424 423 321 321 175 159 562 159 188 159 175 226 562 226 188 226 175 562 188 562 175 423 424 9 175 9 25 9 120 9 424 9 287 9 158 9 109 261 175 261 25 261 219 261 96 261 38 261 467 261 424 261 287 261 158 261 96 261 6 261 230 261 219 261 109 175 120 175 219 175 38 175 467 175 287 175 6 175 230 175 219 175 109 175 354 25 120 25 219 25 96 25 38 25 467 25 424 25 179 25 96 25 6 25 219 25 109 25 354 120 219 120 96 120 38 120 158 120 96 120 6 120 230 120 219 120 109 120 354 219 96 219 467 219 424 219 287 219 158 219 96 219 6 96 38 96 467 96 424 96 287 96 6 96 109 96 354 38 424 38 96 38 219 38 109 38 354 467 424 467 179 467 158 467 96 467 109 467 354 424 287 424 179 424 96 424 6 424 230 424 219 424 109 424 354 287 158 287 96 287 6 287 230 287 109 287 354 179 109 158 96 158 6 158 230 158 219 158 109 158 354 96 6 96 109 96 354 6 230 6 109 230 219 230 109 230 354 459 423 459 175 425 459 425 423 425 175 459 423 459 175 425 423 425 175 438 175 
128 49 128 489 128 100 49 100 49 560 489 560 100 560 436 233 436 442 436 49 436 489 436 382 436 145 233 49 233 465 233 542 233 145 442 542 442 145 49 465 49 542 49 145 489 465 489 145 465 542 465 145 382 145 542 145 346 262 346 542 442 542 262 269 262 382 262 542 269 382 269 419 465 542 542 419 257 101 269 346 101 346 
240 544 240 45 240 54 139 45 139 54 91 181 183 544 240 554 139 263 139 554 139 286 139 495 139 250 139 478 263 554 263 240 263 495 263 250 554 286 554 240 286 250 286 478 
21 222 21 463 21 505 463 21 463 329 21 255 21 329 21 3 255 329 255 3 21 386 21 463 386 463 386 357 430 21 430 460 430 86 191 460 463 21 463 86 463 300 21 460 21 86 21 191 460 86 460 191 460 300 463 119 463 300 463 524 463 479 21 463 21 119 21 191 21 423 21 524 463 119 463 300 463 524 463 479 119 191 119 300 119 423 119 524 300 423 430 518 430 503 430 323 300 518 300 503 300 202 300 323 518 202 518 479 503 323 479 323 463 21 463 387 505 95 505 142 505 251 505 524 505 24 505 246 505 21 505 502 505 191 95 463 110 463 142 463 142 387 251 387 524 24 524 463 524 21 524 387 524 502 24 246 24 463 24 387 24 191 246 21 246 387 246 502 463 21 463 387 21 387 21 191 387 191 125 505 21 463 21 505 21 421 505 421 556 496 556 505 423 505 496 463 496 505 496 251 505 251 
401 35 19 465 19 398 19 401 465 35 465 132 14 35 49 35 266 132 14 313 313 401 313 266 67 8 67 522 67 401 67 401 349 305 349 8 144 305 144 8 144 396 144 522 144 389 144 546 144 401 144 259 144 401 144 546 305 396 305 389 305 401 305 259 305 401 8 396 8 389 8 546 8 401 8 259 8 401 8 546 396 389 396 401 396 401 522 401 522 259 522 401 389 546 389 259 389 546 203 471 471 14 471 562 
81 428 81 504 81 267 432 428 432 497 432 267 504 267 81 421 82 497 82 267 82 50 82 166 82 421 497 81 497 421 504 267 504 81 504 421 267 81 267 477 267 50 267 166 267 421 81 421 477 50 477 421 497 81 497 432 0 81 0 432 369 116 369 432 116 432 284 81 284 432 81 428 81 504 81 284 81 267 477 497 477 497 428 284 428 559 504 267 4 497 4 369 394 31 
528 102 83 112 11 461 11 53 457 461 457 53 403 53 365 165 139 525 139 136 139 65 139 272 353 525 525 65 525 272 158 65 158 272 136 272 164 217 217 528 217 75 136 438 136 112 149 112 149 525 149 136 149 506 438 112 438 525 438 506 112 136 112 506 525 506 128 520 128 517 128 520 128 247 128 11 128 112 520 5 520 377 520 112 5 263 5 485 59 263 59 377 59 528 59 112 517 377 517 27 517 362 517 528 517 112 263 520 263 377 263 27 263 362 263 11 263 528 263 112 485 528 485 112 520 377 520 112 247 362 247 112 377 528 377 112 27 11 27 528 27 112 362 528 11 528 
49 318 49 139 318 139 318 271 49 33 49 285 295 33 33 285 33 280 33 539 33 191 33 375 285 539 285 191 285 375 40 147 40 333 40 418 40 208 266 147 266 418 266 208 266 283 167 147 167 333 167 418 167 208 167 170 167 283 25 355 25 147 25 418 25 208 25 170 25 283 127 147 127 333 127 418 127 208 513 333 147 418 147 283 333 418 333 208 333 170 333 283 418 208 418 283 170 283 403 266 403 12 266 12 25 445 25 12 457 12 76 12 12 3 
141 497 141 21 497 536 497 562 21 533 21 536 21 562 533 562 169 488 169 150 169 365 169 517 488 44 365 517 497 488 497 195 497 515 21 488 21 195 44 488 44 515 488 497 488 21 488 515 195 497 195 21 195 515 497 515 515 307 515 141 515 298 501 307 501 375 501 141 501 515 501 21 501 298 307 375 307 141 307 515 307 21 307 298 375 141 375 515 375 21 375 298 141 515 141 21 515 298 21 298 92 158 92 147 92 21 158 147 158 21 21 298 21 533 21 533 21 536 21 562 298 160 298 497 298 21 160 562 533 21 533 562 497 536 497 562 21 533 21 536 21 562 533 562 338 114 338 533 338 562 338 139 338 141 338 21 338 303 338 533 338 416 114 562 114 139 114 141 114 303 533 562 533 139 533 141 533 21 533 303 562 139 562 21 562 303 562 533 139 141 139 303 139 533 141 21 141 303 141 416 21 303 21 533 303 533 303 416 533 562 533 562 533 130 533 21 562 533 562 130 562 21 562 44 533 562 533 130 533 21 536 130 536 21 536 44 562 130 562 21 562 44 130 21 130 44 
191 424 191 126 81 466 81 424 81 271 466 424 466 76 466 126 424 76 424 271 424 126 424 507 76 126 76 507 271 507 126 507 156 188 405 49 405 226 405 465 405 81 405 188 49 226 49 465 191 188 226 81 226 188 465 188 273 365 273 81 273 76 273 126 365 81 365 76 365 271 365 309 365 126 81 271 81 309 81 87 76 126 18 89 18 81 18 466 18 424 309 81 309 466 89 191 89 466 89 424 191 424 81 466 81 424 466 424 309 81 309 466 126 466 126 424 81 466 81 424 466 424 203 148 203 188 148 188 
169 548 169 32 169 289 169 239 169 483 289 313 72 529 72 104 72 313 72 380 529 313 104 313 273 499 529 472 529 63 529 63 514 63 265 63 214 63 427 63 529 238 132 547 
299 187 299 279 496 187 496 279 301 279 187 441 187 279 441 279 314 475 314 79 314 385 489 475 489 79 275 79 475 299 475 79 475 150 299 79 299 385 496 111 496 187 496 18 496 327 496 279 138 111 138 187 138 18 138 496 138 279 111 301 111 187 111 18 111 496 111 441 111 327 111 480 111 279 301 18 301 279 187 18 187 496 187 441 187 279 18 279 496 327 496 279 441 279 480 279 77 330 301 330 301 209 187 441 187 209 441 330 330 209 441 121 121 114 441 121 441 168 121 18 121 496 121 245 18 209 18 250 18 48 18 245 496 209 496 250 496 245 496 150 138 209 209 48 209 245 209 150 250 150 250 168 301 279 301 470 301 121 301 121 301 231 301 549 301 221 441 279 441 121 441 121 441 231 279 470 279 231 279 549 279 221 121 231 121 231 231 221 
113 15 490 234 490 323 344 334 334 395 518 538 42 538 177 18 177 18 177 281 177 49 177 49 177 311 359 281 215 311 444 389 15 12 389 12 
286 523 230 375 230 530 541 375 541 155 541 245 541 530 541 524 541 412 375 155 375 530 375 524 245 530 524 412 530 3 530 384 530 307 519 49 49 307 94 307 440 49 541 106 541 49 
184 143 143 31 164 496 233 34 233 462 233 308 233 82 233 93 31 72 31 308 31 82 31 93 34 72 34 277 34 308 34 82 34 93 462 72 462 82 462 41 462 93 26 72 26 152 26 143 26 277 26 308 26 82 26 41 26 93 72 152 72 143 72 26 72 41 72 31 72 93 152 308 152 82 172 82 172 41 172 93 143 82 143 41 143 31 68 308 68 82 68 41 68 31 277 82 308 41 308 31 26 82 26 41 26 93 82 41 82 31 82 93 31 93 122 149 438 41 34 184 34 263 34 564 184 564 263 564 210 93 210 419 397 419 93 419 
341 463 341 398 76 456 76 398 399 564 399 562 144 564 144 463 144 562 13 564 13 562 564 463 564 562 463 144 505 399 505 144 462 399 462 144 462 13 463 144 120 463 
219 66 219 511 219 209 206 16 206 158 206 81 206 432 16 158 16 81 16 432 553 364 364 158 364 81 364 432 351 432 430 81 
216 244 140 319 291 140 291 244 291 306 291 180 291 14 291 562 153 140 153 244 153 14 153 562 140 306 140 14 140 562 244 306 244 14 244 562 306 14 306 562 180 562 350 274 180 274 98 339 98 326 558 326 256 326 183 140 183 14 140 14 
209 487 240 487 139 487 240 64 240 223 132 64 132 223 64 94 64 419 64 223 94 223 240 487 139 487 279 240 279 97 279 223 279 189 279 209 240 223 240 189 97 189 97 209 223 189 279 240 279 139 279 209 250 139 478 240 478 139 209 487 129 279 173 72 173 279 173 175 72 279 72 175 447 175 279 175 322 341 173 335 173 341 173 373 335 341 335 373 173 551 173 487 551 487 352 139 
73 550 73 430 430 73 211 73 211 197 285 315 285 463 285 398 285 44 285 197 73 463 73 398 73 244 73 44 73 293 73 333 73 197 315 463 315 398 315 244 315 44 408 463 408 398 463 244 398 44 244 44 244 293 244 333 44 333 44 197 463 499 463 190 463 315 463 550 463 89 463 448 499 190 499 315 499 550 499 89 499 448 190 315 190 550 190 157 190 243 190 89 190 448 315 550 315 157 315 89 315 448 550 157 550 89 550 448 157 89 243 89 89 448 550 407 550 278 550 463 550 398 407 463 380 463 380 398 278 463 278 398 2 310 2 469 2 232 2 324 310 469 310 200 310 434 469 232 469 434 469 342 232 324 324 434 324 182 324 342 
463 92 112 222 112 463 112 92 222 92 463 92 112 410 112 14 112 398 112 356 112 463 112 276 410 276 174 341 398 341 463 341 463 564 463 338 463 235 92 404 92 463 92 435 92 338 92 235 92 337 404 435 404 564 404 338 404 235 103 463 463 564 463 338 463 235 435 564 435 338 435 235 564 338 564 235 564 337 338 337 235 337 47 222 47 341 222 341 424 540 424 435 424 151 435 465 424 227 424 47 424 34 227 47 227 34 47 34 529 464 529 452 529 34 224 464 224 452 84 464 84 337 84 452 464 337 464 452 464 34 337 34 452 433 452 34 433 34 
60 49 60 463 60 398 60 375 29 92 29 107 29 484 29 232 92 123 92 107 92 484 92 18 92 497 92 463 480 18 123 18 123 497 107 18 107 497 107 463 484 18 484 497 249 49 249 392 249 424 249 514 49 392 49 451 49 424 49 514 392 451 392 424 392 514 451 424 451 232 451 514 562 546 69 67 69 217 501 435 501 67 501 463 501 562 501 217 435 232 435 562 435 217 435 497 435 166 67 463 67 217 67 218 463 217 562 217 217 218 217 497 217 166 218 497 64 409 64 501 64 435 64 290 64 232 64 463 71 463 282 409 282 69 282 232 282 562 409 69 409 501 409 435 409 290 409 463 409 562 69 290 501 435 501 463 501 562 435 232 435 562 290 463 
320 208 118 119 118 426 118 208 119 426 119 208 426 320 320 208 188 225 351 135 118 473 118 225 118 135 118 204 118 422 320 188 320 225 320 135 320 422 188 225 351 135 225 135 225 204 
208 139 283 139 279 370 279 494 279 196 279 20 444 279 444 494 444 20 279 370 279 494 279 196 279 20 279 494 279 115 474 279 474 494 279 494 279 115 230 494 230 508 169 430 169 494 169 508 169 279 430 494 430 508 430 279 494 279 508 279 478 279 137 279 
112 232 112 463 112 44 3 79 3 509 561 79 365 509 365 463 44 79 79 509 79 463 509 463 329 463 329 428 329 44 463 428 112 428 112 44 149 428 149 44 112 18 112 44 112 463 149 18 149 44 555 463 555 112 463 555 112 555 555 436 555 18 555 44 555 521 555 379 555 463 555 112 555 235 436 44 436 185 436 521 436 379 436 463 436 235 18 185 18 521 18 112 44 521 44 112 44 235 185 521 185 463 185 112 521 463 521 112 521 235 379 463 379 112 379 235 463 235 47 379 47 393 47 30 47 44 379 30 393 30 393 44 30 44 30 492 30 555 14 458 14 85 14 44 458 14 458 85 458 112 14 458 14 85 14 44 458 85 458 112 85 463 85 112 85 149 112 44 149 44 
163 46 163 419 496 293 496 449 496 51 496 486 496 111 496 382 57 411 57 312 57 293 57 51 57 111 57 382 57 163 411 293 411 51 411 486 411 111 411 163 312 486 312 111 293 486 293 111 293 382 449 486 449 111 449 382 51 111 486 111 486 382 486 163 111 382 111 163 231 312 231 411 163 419 260 415 260 242 260 24 260 411 415 242 415 24 415 286 415 507 415 194 415 294 242 24 242 286 242 507 242 411 286 411 382 254 382 139 382 212 138 254 138 139 138 411 138 212 138 486 254 411 254 212 254 51 254 486 139 411 139 163 139 212 139 51 139 486 411 163 411 212 411 51 411 486 163 486 212 51 212 486 415 260 415 382 415 171 415 383 415 332 415 402 415 51 415 486 260 382 260 332 260 486 382 171 382 383 382 332 171 383 171 51 383 402 383 486 332 486 402 486 382 171 171 328 171 68 171 430 328 430 254 271 254 516 254 178 254 482 254 382 254 378 139 218 139 178 139 482 139 382 139 378 271 482 271 382 271 378 218 482 218 382 218 378 482 378 382 378 253 415 253 172 28 62 28 415 28 172 62 415 62 172 415 172 199 28 68 28 172 28 397 382 411 163 411 18 411 556 381 382 381 163 381 18 382 18 382 556 163 18 163 556 18 556 
78 49 78 360 78 259 78 144 78 487 78 292 78 475 49 360 49 259 49 144 49 487 49 233 49 532 49 475 360 532 259 487 144 233 144 532 144 292 487 233 487 532 487 292 487 475 233 532 233 292 233 475 263 437 263 78 437 78 382 176 176 382 176 263 475 382 475 263 86 451 86 306 86 233 86 325 86 532 451 306 451 233 451 487 451 532 245 233 245 325 245 487 245 532 306 233 306 325 306 487 306 108 233 325 233 487 233 532 325 487 325 532 325 108 487 532 487 108 532 108 306 233 306 325 306 108 233 325 233 532 325 532 325 108 325 228 532 108 
331 340 420 340 537 534 476 79 79 131 79 534 374 421 374 491 537 421 537 534 421 131 557 305 563 305 563 421 402 421 305 156 74 421 122 52 270 512 270 402 270 117 512 117 512 133 402 117 402 133 117 133 133 403 
443 497 497 500 44 481 44 366 44 406 44 17 293 366 293 406 481 366 481 406 481 17 366 406 366 17 406 17 367 8 367 417 127 8 127 417 348 413 348 417 413 417 8 417 8 3 3 8 391 8 391 25 8 510 25 510 264 127 127 545 
533 363 533 455 363 455 363 343 455 343 274 343 10 343 533 158 307 158 455 134 291 493 455 134 134 493 
65 162 65 58 162 58 80 58 58 7 65 238 65 507 65 60 65 562 65 527 238 507 238 60 238 562 238 527 238 497 507 562 507 116 507 527 507 497 60 562 60 527 60 497 562 116 562 527 65 252 39 162 39 80 39 56 400 56 1 56 162 56 304 162 304 80 304 307 192 80 192 307 345 65 345 302 345 241 345 48 345 497 345 207 345 99 65 302 65 237 65 48 302 237 302 48 302 497 302 99 241 237 241 48 241 497 241 207 237 497 237 99 48 497 48 99 
414 201 414 281 414 244 201 281 201 244 201 21 281 21 244 414 21 414 21 430 414 430 21 201 21 498 21 184 236 201 236 498 201 453 201 498 201 184 201 281 201 453 453 498 498 184 498 281 498 453 281 161 161 184 281 21 281 236 281 201 21 201 236 201 201 281 288 21 288 236 288 21 288 201 288 281 21 201 236 201 21 201 201 281 
535 421 88 421 23 166 23 421 23 154 439 131 439 36 439 535 439 305 439 248 439 33 439 23 439 166 439 424 371 454 371 437 371 88 371 36 371 305 371 33 371 88 371 23 371 424 454 437 454 36 454 305 454 33 454 23 454 424 131 305 131 33 131 23 131 424 437 305 437 33 437 23 437 424 36 305 36 248 36 33 36 23 36 424 297 305 297 23 535 33 535 424 305 248 305 33 305 23 305 424 248 424 33 424 23 166 
463 365 358 365 316 365 55 70 
497 92 497 43 497 390 497 531 497 368 497 92 43 25 43 390 43 531 43 368 43 127 25 390 25 531 25 368 25 92 390 531 390 368 390 127 390 92 390 446 531 127 531 92 531 446 368 127 368 92 368 446 15 25 15 127 15 92 25 146 25 92 146 92 531 483 497 543 497 92 361 92 92 158 92 273 92 375 158 225 37 92 37 25 37 25 258 92 258 25 258 25 92 25 92 497 92 158 92 25 25 220 
