0 0 0.00125 1 0.20125 2 0.00125 3 0.13874999999999998 4 0.00125 5 0.12625 6 0.16375 7 0.026250000000000002 8 0.33875 9 0.00125 
1 0 0.13478260869565217 1 0.1782608695652174 2 0.2652173913043478 3 0.004347826086956522 4 0.2217391304347826 5 0.04782608695652174 6 0.004347826086956522 7 0.004347826086956522 8 0.13478260869565217 9 0.004347826086956522 
2 0 0.1105263157894737 1 0.4789473684210526 2 0.005263157894736842 3 0.005263157894736842 4 0.005263157894736842 5 0.005263157894736842 6 0.005263157894736842 7 0.05789473684210527 8 0.005263157894736842 9 0.32105263157894737 
3 0 0.03129770992366412 1 0.1534351145038168 2 0.3061068702290076 3 0.03129770992366412 4 0.1534351145038168 5 0.08473282442748091 6 7.633587786259542E-4 7 0.14580152671755725 8 0.09236641221374045 9 7.633587786259542E-4 
4 0 0.002380952380952381 1 0.0976190476190476 2 0.002380952380952381 3 0.002380952380952381 4 0.05 5 0.002380952380952381 6 0.07380952380952381 7 0.4071428571428572 8 0.002380952380952381 9 0.3595238095238095 
5 0 0.004347826086956522 1 0.09130434782608696 2 0.3521739130434782 3 0.004347826086956522 4 0.004347826086956522 5 0.004347826086956522 6 0.004347826086956522 7 0.004347826086956522 8 0.5260869565217391 9 0.004347826086956522 
6 0 0.2362745098039216 1 0.4421568627450981 2 9.80392156862745E-4 3 0.13823529411764707 4 9.80392156862745E-4 5 0.020588235294117647 6 0.15784313725490198 7 9.80392156862745E-4 8 9.80392156862745E-4 9 9.80392156862745E-4 
7 0 0.03962264150943397 1 0.17169811320754716 2 0.0018867924528301887 3 0.07735849056603773 4 0.1150943396226415 5 0.3037735849056604 6 0.0018867924528301887 7 0.20943396226415092 8 0.0018867924528301887 9 0.07735849056603773 
8 0 0.0020833333333333333 1 0.0020833333333333333 2 0.0020833333333333333 3 0.0020833333333333333 4 0.0020833333333333333 5 0.18958333333333333 6 0.41875 7 0.043750000000000004 8 0.23124999999999998 9 0.10625 
9 0 0.10945945945945945 1 0.0013513513513513514 2 0.28513513513513516 3 0.12297297297297297 4 0.041891891891891894 5 0.041891891891891894 6 0.0013513513513513514 7 0.10945945945945945 8 0.28513513513513516 9 0.0013513513513513514 
10 0 0.22586206896551725 1 0.12241379310344827 2 0.001724137931034483 3 0.001724137931034483 4 0.17413793103448275 5 0.1568965517241379 6 0.001724137931034483 7 0.10517241379310344 8 0.19137931034482758 9 0.018965517241379314 
11 0 0.0814516129032258 1 0.04112903225806451 2 0.025 3 0.5814516129032258 4 8.064516129032258E-4 5 0.05725806451612903 6 0.016935483870967744 7 0.016935483870967744 8 0.14596774193548387 9 0.03306451612903225 
12 0 0.18615384615384614 1 0.13999999999999999 2 0.0015384615384615385 3 0.17076923076923076 4 0.0015384615384615385 5 0.0015384615384615385 6 0.0015384615384615385 7 0.047692307692307694 8 0.4476923076923077 9 0.0015384615384615385 
13 0 0.04782608695652174 1 0.004347826086956522 2 0.004347826086956522 3 0.30869565217391304 4 0.2217391304347826 5 0.39565217391304347 6 0.004347826086956522 7 0.004347826086956522 8 0.004347826086956522 9 0.004347826086956522 
14 0 0.0010526315789473684 1 0.15894736842105261 2 0.10631578947368421 3 0.02210526315789474 4 0.06421052631578947 5 0.0010526315789473684 6 0.20105263157894737 7 0.36947368421052634 8 0.07473684210526316 9 0.0010526315789473684 
15 0 0.005263157894736842 1 0.26842105263157895 2 0.005263157894736842 3 0.32105263157894737 4 0.05789473684210527 5 0.005263157894736842 6 0.2157894736842105 7 0.1105263157894737 8 0.005263157894736842 9 0.005263157894736842 
16 0 0.04583333333333334 1 0.12916666666666668 2 0.004166666666666667 3 0.25416666666666665 4 0.004166666666666667 5 0.5458333333333333 6 0.004166666666666667 7 0.004166666666666667 8 0.004166666666666667 9 0.004166666666666667 
17 0 0.0014492753623188406 1 0.0014492753623188406 2 0.46521739130434786 3 0.0014492753623188406 4 0.43623188405797103 5 0.0014492753623188406 6 0.04492753623188406 7 0.01594202898550725 8 0.030434782608695653 9 0.0014492753623188406 
18 0 0.004545454545454546 1 0.18636363636363634 2 0.05 3 0.2318181818181818 4 0.3227272727272727 5 0.09545454545454546 6 0.004545454545454546 7 0.004545454545454546 8 0.004545454545454546 9 0.09545454545454546 
19 0 0.0058823529411764705 1 0.0058823529411764705 2 0.3588235294117647 3 0.0058823529411764705 4 0.5352941176470588 5 0.06470588235294118 6 0.0058823529411764705 7 0.0058823529411764705 8 0.0058823529411764705 9 0.0058823529411764705 
20 0 0.0032258064516129032 1 0.0032258064516129032 2 0.06774193548387097 3 0.0032258064516129032 4 0.0032258064516129032 5 0.0032258064516129032 6 0.26129032258064516 7 0.0032258064516129032 8 0.45483870967741935 9 0.19677419354838707 
21 0 0.08367346938775509 1 0.08367346938775509 2 0.12448979591836734 3 0.022448979591836737 4 0.12448979591836734 5 0.0020408163265306124 6 0.2673469387755102 7 0.0020408163265306124 8 0.04285714285714286 9 0.24693877551020407 
22 0 0.06296296296296296 1 0.0012345679012345679 2 0.0012345679012345679 3 0.0012345679012345679 4 0.0012345679012345679 5 0.08765432098765431 6 0.08765432098765431 7 0.06296296296296296 8 0.12469135802469135 9 0.5691358024691359 
23 0 0.0014285714285714286 1 0.0014285714285714286 2 0.058571428571428566 3 0.23 4 0.0014285714285714286 5 0.3871428571428572 6 0.0014285714285714286 7 0.04428571428571429 8 0.0014285714285714286 9 0.27285714285714285 
24 0 0.25421686746987954 1 0.0012048192771084338 2 0.10963855421686747 3 0.1216867469879518 4 0.0012048192771084338 5 0.0012048192771084338 6 0.26626506024096386 7 0.0012048192771084338 8 0.0012048192771084338 9 0.2421686746987952 
25 0 0.5458333333333333 1 0.004166666666666667 2 0.004166666666666667 3 0.08750000000000001 4 0.004166666666666667 5 0.08750000000000001 6 0.004166666666666667 7 0.25416666666666665 8 0.004166666666666667 9 0.004166666666666667 
26 0 0.03333333333333333 1 0.0030303030303030303 2 0.21515151515151515 3 0.12424242424242424 4 0.0030303030303030303 5 0.09393939393939395 6 0.33636363636363636 7 0.12424242424242424 8 0.06363636363636364 9 0.0030303030303030303 
27 0 0.11744186046511627 1 0.0011627906976744186 2 0.11744186046511627 3 0.12906976744186047 4 0.0011627906976744186 5 0.03604651162790698 6 0.08255813953488372 7 0.1058139534883721 8 0.22209302325581398 9 0.18720930232558142 
28 0 6.944444444444445E-4 1 0.17430555555555557 2 0.22986111111111113 3 6.944444444444445E-4 4 0.30625 5 6.944444444444445E-4 6 6.944444444444445E-4 7 0.27847222222222223 8 0.0076388888888888895 9 6.944444444444445E-4 
29 0 0.015714285714285715 1 0.43 2 0.030000000000000002 3 0.08714285714285713 4 0.058571428571428566 5 0.14428571428571427 6 0.0014285714285714286 7 0.14428571428571427 8 0.058571428571428566 9 0.030000000000000002 
30 0 0.28928571428571426 1 0.0035714285714285718 2 0.0035714285714285718 3 0.0035714285714285718 4 0.0035714285714285718 5 0.11071428571428572 6 0.28928571428571426 7 0.0035714285714285718 8 0.1464285714285714 9 0.1464285714285714 
31 0 0.06774193548387097 1 0.06774193548387097 2 0.0032258064516129032 3 0.0032258064516129032 4 0.0032258064516129032 5 0.0032258064516129032 6 0.1 7 0.22903225806451613 8 0.3258064516129032 9 0.19677419354838707 
32 0 0.2928571428571428 1 0.15 2 0.0071428571428571435 3 0.43571428571428567 4 0.0071428571428571435 5 0.0071428571428571435 6 0.0071428571428571435 7 0.0071428571428571435 8 0.0071428571428571435 9 0.07857142857142858 
33 0 0.2559322033898305 1 0.0016949152542372883 2 0.0016949152542372883 3 0.03559322033898305 4 0.1542372881355932 5 0.0016949152542372883 6 0.0016949152542372883 7 0.03559322033898305 8 0.0016949152542372883 9 0.5101694915254238 
34 0 0.002325581395348837 1 0.002325581395348837 2 0.002325581395348837 3 0.30465116279069765 4 0.30465116279069765 5 0.002325581395348837 6 0.002325581395348837 7 0.002325581395348837 8 0.16511627906976745 9 0.2116279069767442 
35 0 0.7611111111111112 1 0.001851851851851852 2 0.001851851851851852 3 0.001851851851851852 4 0.001851851851851852 5 0.22407407407407406 6 0.001851851851851852 7 0.001851851851851852 8 0.001851851851851852 9 0.001851851851851852 
36 0 0.02 1 0.02 2 0.02 3 0.02 4 0.02 5 0.02 6 0.62 7 0.02 8 0.02 9 0.22000000000000003 
37 0 0.3288461538461539 1 0.0019230769230769232 2 0.0019230769230769232 3 0.04038461538461539 4 0.04038461538461539 5 0.05961538461538462 6 0.0019230769230769232 7 0.27115384615384613 8 0.13653846153846153 9 0.11730769230769231 

